% Model:              Carbon_capture_model_with_help_from_Neeraj_update_1.mph
% Version:            COMSOL 5.3.0.316
% Date:               Apr 9 2026, 14:45
% Dimension:          1
% Nodes:              1110
% Expressions:        1
% Description:        Line graph
% X                       Height
0                         9.193854759037845E-6
0.00233102681411883       9.020228474351717E-6
0.004662053628237662      8.842038598867002E-6
0.006993080442356491      8.659285132583702E-6
0.009324107256475323      8.471968075501819E-6
0.011655134070594153      8.280087427621344E-6
0.014800252446043015      8.247546789419792E-6
0.01794537082149188       8.214821415967749E-6
0.021090489196940742      8.181911307265222E-6
0.024235607572389607      8.14881646331221E-6
0.02738072594783847       8.11553688410871E-6
0.031624250533515696      8.07716474091524E-6
0.035867775119192924      8.038553176925517E-6
0.04011129970487015       7.99970219213955E-6
0.044354824290547386      7.960611786557336E-6
0.048598348876224606      7.921281960178871E-6
0.054326356543289676      7.895468801438807E-6
0.060054364210354746      7.869525133855842E-6
0.06578237187741982       7.84345095742998E-6
0.0715103795444849        7.817246272161221E-6
0.07723838721154996       7.79091107804956E-6
0.08496803037298847       7.769596240476182E-6
0.092697673534427         7.748185400848495E-6
0.1004273166958655        7.726678559166498E-6
0.10815695985730403       7.705075715430196E-6
0.11588660301874254       7.683376869639582E-6
0.12629786808417381       7.667055531336095E-6
0.13670913314960506       7.650673071162144E-6
0.14712039821503634       7.63422948911773E-6
0.15753166328046758       7.617724785202858E-6
0.16794292834589886       7.601158959417521E-6
0.1807952134796634        7.5898742292043285E-6
0.19364749861342795       7.578558791978713E-6
0.2064997837471925        7.567212647740681E-6
0.21935206888095707       7.555835796490231E-6
0.23220435401472161       7.544428238227359E-6
0.24559413631398552       7.5375598238215255E-6
0.25898391861324943       7.530679675856368E-6
0.2723737009125134        7.52378779433189E-6
0.28576348321177736       7.51688417924809E-6
0.29915326551104127       7.509968830604968E-6
0.3125430478103052        7.505674817800403E-6
0.32593283010956914       7.501376131439532E-6
0.33932261240883305       7.4970727715223595E-6
0.352712394708097         7.492764738048885E-6
0.3661021770073609        7.488452031019104E-6
0.3794919593066248        7.4856418760578395E-6
0.3928817416058888        7.482829693425945E-6
0.4062715239051527        7.480015483123422E-6
0.41966130620441666       7.477199245150274E-6
0.43305108850368057       7.474380979506495E-6
0.44644087080294453       7.472459343619581E-6
0.4598306531022084        7.470536751716282E-6
0.47322043540147235       7.468613203796603E-6
0.4866102177007363        7.466688699860542E-6
0.5000000000000002        7.464763239908096E-6
0.5133897822992641        7.4634361924956654E-6
0.526779564598528         7.462108686099193E-6
0.5401693468977921        7.460780720718681E-6
0.553559129197056         7.459452296354132E-6
0.5669489114963199        7.45812341300554E-6
0.5803386937955838        7.457144311823746E-6
0.5937284760948478        7.456164960269828E-6
0.6071182583941117        7.45518535834379E-6
0.6205080406933756        7.454205506045632E-6
0.6338978229926395        7.45322540337535E-6
0.6472876052919034        7.452562876934503E-6
0.6606773875911673        7.451900235089583E-6
0.6740671698904313        7.451237477840596E-6
0.6874569521896953        7.450574605187539E-6
0.7008467344889592        7.4499116171304114E-6
0.7142365167882231        7.44933223147985E-6
0.7276262990874871        7.448752758452091E-6
0.741016081386751         7.448173198047138E-6
0.7544058636860149        7.447593550264994E-6
0.7677956459852788        7.447013815105651E-6
0.7806479311190433        7.446755902594265E-6
0.7935002162528078        7.446497973693784E-6
0.8063525013865722        7.446240028404213E-6
0.8192047865203367        7.445982066725554E-6
0.832057071654101         7.4457240886578005E-6
0.8424683367195323        7.445322981839897E-6
0.8528796017849635        7.444921837914471E-6
0.8632908668503947        7.444520656881528E-6
0.8737021319158259        7.44411943874107E-6
0.8841133969812571        7.443718183493089E-6
0.8918430401426958        7.444009783818715E-6
0.8995726833041343        7.4443013950219205E-6
0.9073023264655729        7.444593017102711E-6
0.9150319696270116        7.444884650061085E-6
0.9227616127884501        7.44517629389704E-6
0.9284896204555152        7.444439906728102E-6
0.9342176281225802        7.443703484002169E-6
0.9399456357896453        7.44296702571925E-6
0.9456736434567103        7.442230531879341E-6
0.9514016511237753        7.44149400248244E-6
0.9556451757094526        7.442852516550909E-6
0.95988870029513          7.444211082129454E-6
0.9641322248808071        7.445569699218078E-6
0.9683757494664845        7.446928367816784E-6
0.9726192740521618        7.448287087925565E-6
0.9757643924276106        7.445979115832417E-6
0.9789095108030594        7.443671525150075E-6
0.9820546291785082        7.4413643158785475E-6
0.9851997475539571        7.439057488017832E-6
0.988344865929406         7.436751041567925E-6
0.9906758927435247        7.440964409127509E-6
0.9930069195576435        7.44518002210385E-6
0.9953379463717624        7.449397880496953E-6
0.9976689731858812        7.453617984306815E-6
1                         7.457840333533435E-6
0                         0.33093758363361453
0.00233102681411883       0.3263392623690562
0.004662053628237662      0.32161608195010577
0.006993080442356491      0.3167680423767635
0.009324107256475323      0.3117951436490292
0.011655134070594153      0.3066973857669028
0.014800252446043015      0.3054393876629477
0.01794537082149188       0.30417353678700243
0.021090489196940742      0.3028998331390672
0.024235607572389607      0.30161827671914204
0.02738072594783847       0.30032886752722676
0.031624250533515696      0.2988446204924523
0.035867775119192924      0.2973484102759664
0.04011129970487015       0.2958402368777694
0.044354824290547386      0.29432010029786115
0.048598348876224606      0.29278800053624143
0.054326356543289676      0.2914984347682288
0.060054364210354746      0.29019981521172455
0.06578237187741982       0.28889214186672885
0.0715103795444849        0.2875754147332417
0.07723838721154996       0.2862496338112629
0.08496803037298847       0.28493233803999135
0.092697673534427         0.28360554123610404
0.1004273166958655        0.28226924339960097
0.10815695985730403       0.28092344453048224
0.11588660301874254       0.27956814462874763
0.12629786808417381       0.2782165696268759
0.13670913314960506       0.2768549678700159
0.14712039821503634       0.2754833393581679
0.15753166328046758       0.2741016840913317
0.16794292834589886       0.27271000206950735
0.1807952134796634        0.271407056274113
0.19364749861342795       0.27009479438459927
0.2064997837471925        0.2687732164009664
0.21935206888095707       0.2674423223232144
0.23220435401472161       0.266102112151343
0.24559413631398552       0.2649891712919942
0.25898391861324943       0.2638694539251195
0.2723737009125134        0.2627429600507191
0.28576348321177736       0.26160968966879317
0.29915326551104127       0.2604696427793413
0.3125430478103052        0.25951757292112365
0.32593283010956914       0.2585605488585774
0.33932261240883305       0.2575985705917027
0.352712394708097         0.25663163812049977
0.3661021770073609        0.25565975144496816
0.3794919593066248        0.2548229088052519
0.3928817416058888        0.25398223711366286
0.4062715239051527        0.25313773637020115
0.41966130620441666       0.25228940657486676
0.43305108850368057       0.2514372477276596
0.44644087080294453       0.2506870368512419
0.4598306531022084        0.24993374621710096
0.47322043540147235       0.24917737582523708
0.4866102177007363        0.24841792567565016
0.5000000000000002        0.24765539576834011
0.5133897822992641        0.2469741287866383
0.526779564598528         0.24629031960852357
0.5401693468977921        0.24560396823399613
0.553559129197056         0.24491507466305595
0.5669489114963199        0.2442236388957029
0.5803386937955838        0.24359729510889125
0.5937284760948478        0.2429688001535248
0.6071182583941117        0.24233815402960365
0.6205080406933756        0.2417053567371279
0.6338978229926395        0.24107040827609733
0.6472876052919034        0.24049127104189824
0.6606773875911673        0.2399102925854504
0.6740671698904313        0.23932747290675394
0.6874569521896953        0.23874281200580888
0.7008467344889592        0.23815630988261502
0.7142365167882231        0.2376148710541869
0.7276262990874871        0.23707182119726636
0.741016081386751         0.23652716031185347
0.7544058636860149        0.23598088839794829
0.7677956459852788        0.23543300545555063
0.7806479311190433        0.2349476394326704
0.7935002162528078        0.23446097859771695
0.8063525013865722        0.23397302295069036
0.8192047865203367        0.23348377249159064
0.832057071654101         0.23299322722041763
0.8424683367195323        0.2326196954727932
0.8528796017849635        0.23224539817085496
0.8632908668503947        0.231870335314603
0.8737021319158259        0.23149450690403736
0.8841133969812571        0.23111791293915782
0.8918430401426958        0.23085534737652685
0.8995726833041343        0.23059240409928233
0.9073023264655729        0.23032908310742436
0.9150319696270116        0.23006538440095298
0.9227616127884501        0.22980130797986803
0.9284896204555152        0.22960843975367634
0.9342176281225802        0.22941536778580704
0.9399456357896453        0.22922209207626024
0.9456736434567103        0.2290286126250359
0.9514016511237753        0.22883492943213396
0.9556451757094526        0.22870432681872552
0.95988870029513          0.22857363081126214
0.9641322248808071        0.22844284140974397
0.9683757494664845        0.22831195861417097
0.9726192740521618        0.2281809824245431
0.9757643924276106        0.22807350635916837
0.9789095108030594        0.22796596701287902
0.9820546291785082        0.22785836438567525
0.9851997475539571        0.22775069847755702
0.988344865929406         0.22764296928852418
0.9906758927435247        0.22758424559605245
0.9930069195576435        0.22752550304367058
0.9953379463717624        0.2274667416313788
0.9976689731858812        0.22740796135917707
1                         0.2273491622270652
0                         0.49435788502629574
0.00233102681411883       0.48969510626517954
0.004662053628237662      0.48493893110077696
0.006993080442356491      0.4800893595330881
0.009324107256475323      0.47514639156211325
0.011655134070594153      0.4701100271878518
0.014800252446043015      0.46878297605567026
0.01794537082149188       0.4674494962660598
0.021090489196940742      0.4661095878190207
0.024235607572389607      0.464763250714553
0.02738072594783847       0.46341048495265647
0.031624250533515696      0.46186689452968366
0.035867775119192924      0.46031391052143983
0.04011129970487015       0.4587515329279253
0.044354824290547386      0.45717976174914016
0.048598348876224606      0.455598596985084
0.054326356543289676      0.4542322315031593
0.060054364210354746      0.4528585720056845
0.06578237187741982       0.4514776184926601
0.0715103795444849        0.45008937096408586
0.07723838721154996       0.4486938294199616
0.08496803037298847       0.44728434110523885
0.092697673534427         0.4458670993241172
0.1004273166958655        0.444442104076597
0.10815695985730403       0.44300935536267816
0.11588660301874254       0.44156885318236044
0.12629786808417381       0.4401030002066217
0.13670913314960506       0.43862880544362115
0.14712039821503634       0.43714626889335895
0.15753166328046758       0.4356553905558353
0.16794292834589886       0.4341561704310498
0.1807952134796634        0.43272367001884876
0.19364749861342795       0.4312832602276652
0.2064997837471925        0.42983494105749936
0.21935206888095707       0.42837871250835136
0.23220435401472161       0.42691457458022075
0.24559413631398552       0.4256759938311458
0.25898391861324943       0.42443154998597904
0.2723737009125134        0.4231812430447209
0.28576348321177736       0.4219250730073711
0.29915326551104127       0.42066303987392956
0.3125430478103052        0.419592182007419
0.32593283010956914       0.4185169668656923
0.33932261240883305       0.41743739444874967
0.352712394708097         0.4163534647565912
0.3661021770073609        0.4152651777892165
0.3794919593066248        0.41431493121188917
0.3928817416058888        0.41336126735312784
0.4062715239051527        0.4124041862129326
0.41966130620441666       0.41144368779130364
0.43305108850368057       0.41047977208824066
0.44644087080294453       0.40962039286917173
0.4598306531022084        0.40875822760337854
0.47322043540147235       0.4078932762908613
0.4866102177007363        0.40702553893161997
0.5000000000000002        0.4061550155256545
0.5133897822992641        0.40536833994369054
0.526779564598528         0.40457933584672556
0.5401693468977921        0.40378800323475983
0.553559129197056         0.4029943421077933
0.5669489114963199        0.4021983524658257
0.5803386937955838        0.40146956072105117
0.5937284760948478        0.400738775004755
0.6071182583941117        0.4000059953169376
0.6205080406933756        0.3992712216575988
0.6338978229926395        0.39853445402673854
0.6472876052919034        0.3978558555022441
0.6606773875911673        0.3971755314463099
0.6740671698904313        0.3964934818589362
0.6874569521896953        0.395809706740123
0.7008467344889592        0.39512420608987
0.7142365167882231        0.39448544342580105
0.7276262990874871        0.39384515460220243
0.741016081386751         0.3932033396190745
0.7544058636860149        0.39255999847641704
0.7677956459852788        0.39191513117423
0.7806479311190433        0.39133890553586836
0.7935002162528078        0.39076144078103636
0.8063525013865722        0.39018273690973426
0.8192047865203367        0.389602793921962
0.832057071654101         0.3890216118177194
0.8424683367195323        0.38857557613962795
0.8528796017849635        0.38812880067269107
0.8632908668503947        0.38768128541690905
0.8737021319158259        0.38723303037228185
0.8841133969812571        0.38678403553880913
0.8918430401426958        0.3864694186215711
0.8995726833041343        0.3861544345620659
0.9073023264655729        0.38583908336029377
0.9150319696270116        0.3855233650162547
0.9227616127884501        0.38520727952994854
0.9284896204555152        0.3849752561264122
0.9342176281225802        0.3847430333737469
0.9399456357896453        0.3845106112719528
0.9456736434567103        0.38427798982102995
0.9514016511237753        0.3840451690209781
0.9556451757094526        0.3838878492025338
0.95988870029513          0.3837304378109917
0.9641322248808071        0.3835729348463519
0.9683757494664845        0.38341534030861446
0.9726192740521618        0.38325765419777924
0.9757643924276106        0.3831278942838699
0.9789095108030594        0.38299807209105424
0.9820546291785082        0.3828681876193324
0.9851997475539571        0.3827382408687045
0.988344865929406         0.38260823183917025
0.9906758927435247        0.38253703354084306
0.9930069195576435        0.3824658165451254
0.9953379463717624        0.3823945808520175
0.9976689731858812        0.3823233264615194
1                         0.3822520533736308
0                         0.6114497561569713
0.00233102681411883       0.608940650688173
0.004662053628237662      0.606400356885241
0.006993080442356491      0.6038288747481748
0.009324107256475323      0.6012262042769746
0.011655134070594153      0.5985923454716403
0.014800252446043015      0.5978150225069108
0.01794537082149188       0.5970353107614531
0.021090489196940742      0.5962532102352679
0.024235607572389607      0.5954687209283552
0.02738072594783847       0.5946818428407143
0.031624250533515696      0.5937935817085944
0.035867775119192924      0.5929019525286185
0.04011129970487015       0.5920069553007871
0.044354824290547386      0.5911085900250999
0.048598348876224606      0.5902068567015567
0.054326356543289676      0.5893935545356336
0.060054364210354746      0.5885775454146108
0.06578237187741982       0.5877588293384889
0.0715103795444849        0.5869374063072678
0.07723838721154996       0.5861132763209471
0.08496803037298847       0.5852583328341961
0.092697673534427         0.5844004560333845
0.1004273166958655        0.5835396459185126
0.10815695985730403       0.5826759024895805
0.11588660301874254       0.5818092257465876
0.12629786808417381       0.5808988050577284
0.13670913314960506       0.5799851446773252
0.14712039821503634       0.5790682446053784
0.15753166328046758       0.5781481048418879
0.16794292834589886       0.5772247253868534
0.1807952134796634        0.5763140325681947
0.19364749861342795       0.5754001827100824
0.2064997837471925        0.5744831758125172
0.21935206888095707       0.5735630118754989
0.23220435401472161       0.5726396908990271
0.24559413631398552       0.5718361838307816
0.25898391861324943       0.5710302767764469
0.2723737009125134        0.5702219697360233
0.28576348321177736       0.5694112627095109
0.29915326551104127       0.5685981556969092
0.3125430478103052        0.5678914052364628
0.32593283010956914       0.5671828319216698
0.33932261240883305       0.5664724357525306
0.352712394708097         0.5657602167290451
0.3661021770073609        0.5650461748512129
0.3794919593066248        0.5644095273642941
0.3928817416058888        0.5637714224439382
0.4062715239051527        0.5631318600901458
0.41966130620441666       0.5624908403029167
0.43305108850368057       0.5618483630822506
0.44644087080294453       0.5612646906342346
0.4598306531022084        0.5606798086673178
0.47322043540147235       0.5600937171815009
0.4866102177007363        0.5595064161767838
0.5000000000000002        0.5589179056531659
0.5133897822992641        0.5583770276771337
0.526779564598528         0.5578351223000714
0.5401693468977921        0.5572921895219791
0.553559129197056         0.5567482293428571
0.5669489114963199        0.5562032417627049
0.5803386937955838        0.5556963426473105
0.5937284760948478        0.5551885500105592
0.6071182583941117        0.5546798638524512
0.6205080406933756        0.5541702841729864
0.6338978229926395        0.5536598109721647
0.6472876052919034        0.5531828508539548
0.6606773875911673        0.5527051064287748
0.6740671698904313        0.5522265776966249
0.6874569521896953        0.5517472646575053
0.7008467344889592        0.5512671673114156
0.7142365167882231        0.5508136363138618
0.7276262990874871        0.5503594019002
0.741016081386751         0.5499044640704303
0.7544058636860149        0.5494488228245529
0.7677956459852788        0.5489924781625672
0.7806479311190433        0.5485795393508187
0.7935002162528078        0.5481660219116802
0.8063525013865722        0.547751925845152
0.8192047865203367        0.5473372511512343
0.832057071654101         0.5469219978299267
0.8424683367195323        0.5465996314219005
0.8528796017849635        0.5462769152185517
0.8632908668503947        0.5459538492198804
0.8737021319158259        0.5456304334258871
0.8841133969812571        0.545306667836571
0.8918430401426958        0.5450781391496012
0.8995726833041343        0.5448494355591171
0.9073023264655729        0.5446205570651192
0.9150319696270116        0.5443915036676074
0.9227616127884501        0.5441622753665815
0.9284896204555152        0.5439927757624524
0.9342176281225802        0.5438231803943868
0.9399456357896453        0.5436534892623849
0.9456736434567103        0.5434837023664467
0.9514016511237753        0.5433138197065718
0.9556451757094526        0.5431986743917347
0.95988870029513          0.5430834849633265
0.9641322248808071        0.5429682514213473
0.9683757494664845        0.5428529737657971
0.9726192740521618        0.5427376519966759
0.9757643924276106        0.542642365411407
0.9789095108030594        0.5425470486832266
0.9820546291785082        0.5424517018121349
0.9851997475539571        0.542356324798132
0.988344865929406         0.5422609176412176
0.9906758927435247        0.5422083455564913
0.9930069195576435        0.5421557643444312
0.9953379463717624        0.5421031740050377
0.9976689731858812        0.5420505745383107
1                         0.5419979659442499
0                         0.6341728174851503
0.00233102681411883       0.6326574190112025
0.004662053628237662      0.6311271259837525
0.006993080442356491      0.6295819384028005
0.009324107256475323      0.6280218562683464
0.011655134070594153      0.6264468795803898
0.014800252446043015      0.6259521819516926
0.01794537082149188       0.6254563000507211
0.021090489196940742      0.6249592338774757
0.024235607572389607      0.6244609834319562
0.02738072594783847       0.6239615487141625
0.031624250533515696      0.6233998237481433
0.035867775119192924      0.62283644415418
0.04011129970487015       0.6222714099322731
0.044354824290547386      0.6217047210824226
0.048598348876224606      0.621136377604628
0.054326356543289676      0.620612000204485
0.060054364210354746      0.6200862745017053
0.06578237187741982       0.6195592004962891
0.0715103795444849        0.6190307781882366
0.07723838721154996       0.6185010075775473
0.08496803037298847       0.6179434071229273
0.092697673534427         0.6173843330943328
0.1004273166958655        0.6168237854917645
0.10815695985730403       0.6162617643152223
0.11588660301874254       0.6156982695647056
0.12629786808417381       0.6150963979336378
0.13670913314960506       0.6144928806122213
0.14712039821503634       0.6138877176004566
0.15753166328046758       0.6132809088983439
0.16794292834589886       0.6126724545058824
0.1807952134796634        0.6120623996816934
0.19364749861342795       0.6114507221616191
0.2064997837471925        0.61083742194566
0.21935206888095707       0.6102224990338159
0.23220435401472161       0.6096059534260864
0.24559413631398552       0.6090615802968519
0.25898391861324943       0.6085159600880462
0.2723737009125134        0.6079690927996696
0.28576348321177736       0.607420978431722
0.29915326551104127       0.6068716169842033
0.3125430478103052        0.6063882478435373
0.32593283010956914       0.6059039224907009
0.33932261240883305       0.6054186409256944
0.352712394708097         0.6049324031485178
0.3661021770073609        0.6044452091591708
0.3794919593066248        0.6040062354884402
0.3928817416058888        0.6035664908390392
0.4062715239051527        0.6031259752109681
0.41966130620441666       0.6026846886042271
0.43305108850368057       0.6022426310188154
0.44644087080294453       0.601837246216122
0.4598306531022084        0.6014312165964022
0.47322043540147235       0.6010245421596564
0.4866102177007363        0.6006172229058845
0.5000000000000002        0.600209258835086
0.5133897822992641        0.5998311636541701
0.526779564598528         0.5994525168584814
0.5401693468977921        0.5990733184480207
0.553559129197056         0.5986935684227874
0.5669489114963199        0.5983132667827817
0.5803386937955838        0.5979567822514791
0.5937284760948478        0.5975998147318904
0.6071182583941117        0.5972423642240161
0.6205080406933756        0.5968844307278561
0.6338978229926395        0.5965260142434101
0.6472876052919034        0.5961887619320884
0.6606773875911673        0.5958510830283589
0.6740671698904313        0.5955129775322218
0.6874569521896953        0.5951744454436773
0.7008467344889592        0.5948354867627249
0.7142365167882231        0.5945131300309895
0.7276262990874871        0.5941903883736002
0.741016081386751         0.5938672617905573
0.7544058636860149        0.5935437502818609
0.7677956459852788        0.5932198538475106
0.7806479311190433        0.5929249601964849
0.7935002162528078        0.592629748103373
0.8063525013865722        0.5923342175681752
0.8192047865203367        0.5920383685908917
0.832057071654101         0.591742201171522
0.8424683367195323        0.5915109978347293
0.8528796017849635        0.5912796009502083
0.8632908668503947        0.5910480105179591
0.8737021319158259        0.5908162265379819
0.8841133969812571        0.5905842490102762
0.8918430401426958        0.5904199286992159
0.8995726833041343        0.5902555112941802
0.9073023264655729        0.5900909967951693
0.9150319696270116        0.5899263852021833
0.9227616127884501        0.5897616765152218
0.9284896204555152        0.589639456806371
0.9342176281225802        0.5895171837465739
0.9399456357896453        0.5893948573358311
0.9456736434567103        0.5892724775741423
0.9514016511237753        0.5891500444615071
0.9556451757094526        0.5890669348567091
0.95988870029513          0.5889838006446075
0.9641322248808071        0.5889006418252026
0.9683757494664845        0.5888174583984945
0.9726192740521618        0.5887342503644828
0.9757643924276106        0.5886653638268596
0.9789095108030594        0.588596460441362
0.9820546291785082        0.5885275402079904
0.9851997475539571        0.5884586031267446
0.988344865929406         0.5883896491976244
0.9906758927435247        0.5883515480461414
0.9930069195576435        0.5883134417757735
0.9953379463717624        0.5882753303865208
0.9976689731858812        0.5882372138783833
1                         0.5881990922513611
0                         0.6438171761349122
0.00233102681411883       0.6428957177084799
0.004662053628237662      0.6419667584907857
0.006993080442356491      0.6410302984818298
0.009324107256475323      0.6400863376816119
0.011655134070594153      0.639134876090132
0.014800252446043015      0.638819459096029
0.01794537082149188       0.6385034318519183
0.021090489196940742      0.6381867943578005
0.024235607572389607      0.6378695466136751
0.02738072594783847       0.6375516886195423
0.031624250533515696      0.637194868336402
0.035867775119192924      0.6368371993689682
0.04011129970487015       0.6364786817172414
0.044354824290547386      0.6361193153812214
0.048598348876224606      0.6357591003609078
0.054326356543289676      0.6354202447107065
0.060054364210354746      0.6350806910546148
0.06578237187741982       0.6347404393926332
0.0715103795444849        0.6343994897247616
0.07723838721154996       0.6340578420509997
0.08496803037298847       0.6336936845667858
0.092697673534427         0.6333287595337223
0.1004273166958655        0.6329630669518096
0.10815695985730403       0.6325966068210478
0.11588660301874254       0.6322293791414362
0.12629786808417381       0.6318315239937441
0.13670913314960506       0.6314328048221829
0.14712039821503634       0.6310332216267529
0.15753166328046758       0.6306327744074541
0.16794292834589886       0.630231463164286
0.1807952134796634        0.6298234158719663
0.19364749861342795       0.6294145093245763
0.2064997837471925        0.6290047435221163
0.21935206888095707       0.6285941184645861
0.23220435401472161       0.6281826341519857
0.24559413631398552       0.6278148408812759
0.25898391861324943       0.6274463819579352
0.2723737009125134        0.627077257381964
0.28576348321177736       0.626707467153362
0.29915326551104127       0.6263370112721293
0.3125430478103052        0.6260076923707786
0.32593283010956914       0.6256778594709639
0.33932261240883305       0.6253475125726853
0.352712394708097         0.6250166516759431
0.3661021770073609        0.6246852767807368
0.3794919593066248        0.6243840653013306
0.3928817416058888        0.624082436783626
0.4062715239051527        0.6237803912276232
0.41966130620441666       0.6234779286333223
0.43305108850368057       0.6231750490007231
0.44644087080294453       0.6228951137263463
0.4598306531022084        0.6226148276203929
0.47322043540147235       0.6223341906828633
0.4866102177007363        0.6220532029137575
0.5000000000000002        0.6217718643130751
0.5133897822992641        0.6215093061691781
0.526779564598528         0.621246446300468
0.5401693468977921        0.6209832847069451
0.553559129197056         0.6207198213886094
0.5669489114963199        0.6204560563454606
0.5803386937955838        0.6202072125162614
0.5937284760948478        0.6199581031480756
0.6071182583941117        0.6197087282409037
0.6205080406933756        0.6194590877947457
0.6338978229926395        0.6192091818096009
0.6472876052919034        0.6189726622041944
0.6606773875911673        0.6187359069609157
0.6740671698904313        0.6184989160797651
0.6874569521896953        0.6182616895607427
0.7008467344889592        0.6180242274038479
0.7142365167882231        0.6177971450991088
0.7276262990874871        0.6175698491910573
0.741016081386751         0.6173423396796937
0.7544058636860149        0.6171146165650179
0.7677956459852788        0.6168866798470297
0.7806479311190433        0.6166781044519444
0.7935002162528078        0.6164693515840645
0.8063525013865722        0.6162604212433905
0.8192047865203367        0.6160513134299226
0.832057071654101         0.61584202814366
0.8424683367195323        0.6156779018626822
0.8528796017849635        0.615513667273761
0.8632908668503947        0.6153493243768965
0.8737021319158259        0.6151848731720887
0.8841133969812571        0.6150203136593373
0.8918430401426958        0.6149034111198652
0.8995726833041343        0.6147864541117612
0.9073023264655729        0.6146694426350257
0.9150319696270116        0.6145523766896585
0.9227616127884501        0.614435256275659
0.9284896204555152        0.6143481004782089
0.9342176281225802        0.6142609146713065
0.9399456357896453        0.6141736988549523
0.9456736434567103        0.6140864530291461
0.9514016511237753        0.6139991771938877
0.9556451757094526        0.6139398592909696
0.95988870029513          0.6138805275328995
0.9641322248808071        0.6138211819196777
0.9683757494664845        0.6137618224513042
0.9726192740521618        0.6137024491277786
0.9757643924276106        0.6136532170163055
0.9789095108030594        0.6136039754043767
0.9820546291785082        0.6135547242919926
0.9851997475539571        0.6135054636791532
0.988344865929406         0.6134561935658581
0.9906758927435247        0.613428909753476
0.9930069195576435        0.6134016230475443
0.9953379463717624        0.6133743334480638
0.9976689731858812        0.6133470409550341
1                         0.613319745568455
0                         0.6485888014697485
0.00233102681411883       0.6480455473895608
0.004662053628237662      0.6474985678229821
0.006993080442356491      0.6469478627700121
0.009324107256475323      0.6463934322306507
0.011655134070594153      0.6458352762048974
0.014800252446043015      0.6456402761461256
0.01794537082149188       0.6454449681680267
0.021090489196940742      0.6452493522706011
0.024235607572389607      0.6450534284538488
0.02738072594783847       0.6448571967177694
0.031624250533515696      0.6446370861032623
0.035867775119192924      0.6444165484073616
0.04011129970487015       0.6441955836300676
0.044354824290547386      0.6439741917713804
0.048598348876224606      0.6437523728312996
0.054326356543289676      0.6435397647066328
0.060054364210354746      0.6433268028772855
0.06578237187741982       0.6431134873432583
0.0715103795444849        0.6428998181045511
0.07723838721154996       0.6426857951611635
0.08496803037298847       0.6424548219298807
0.092697673534427         0.642223457853867
0.1004273166958655        0.6419917029331231
0.10815695985730403       0.6417595571676487
0.11588660301874254       0.6415270205574435
0.12629786808417381       0.6412715966395094
0.13670913314960506       0.6410157299653028
0.14712039821503634       0.640759420534824
0.15753166328046758       0.640502668348073
0.16794292834589886       0.6402454734050496
0.1807952134796634        0.6399803897229968
0.19364749861342795       0.6397148626635731
0.2064997837471925        0.6394488922267788
0.21935206888095707       0.6391824784126138
0.23220435401472161       0.6389156212210779
0.24559413631398552       0.6386742732954022
0.25898391861324943       0.638432579622788
0.2723737009125134        0.638190540203236
0.28576348321177736       0.6379481550367461
0.29915326551104127       0.6377054241233178
0.3125430478103052        0.6374875136386855
0.32593283010956914       0.6372693346047745
0.33932261240883305       0.6370508870215852
0.352712394708097         0.6368321708891176
0.3661021770073609        0.6366131862073712
0.3794919593066248        0.6364124589757927
0.3928817416058888        0.6362115126981216
0.4062715239051527        0.6360103473743586
0.41966130620441666       0.6358089630045035
0.43305108850368057       0.6356073595885561
0.44644087080294453       0.6354196353969731
0.4598306531022084        0.6352317260211514
0.47322043540147235       0.6350436314610912
0.4866102177007363        0.6348553517167926
0.5000000000000002        0.6346668867882553
0.5133897822992641        0.6344898399296686
0.526779564598528         0.6343126330822682
0.5401693468977921        0.6341352662460542
0.553559129197056         0.6339577394210272
0.5669489114963199        0.6337800526071863
0.5803386937955838        0.6336113923161898
0.5937284760948478        0.633442590606688
0.6071182583941117        0.6332736474786815
0.6205080406933756        0.63310456293217
0.6338978229926395        0.6329353369671533
0.6472876052919034        0.6327742947628238
0.6606773875911673        0.6326131265562138
0.6740671698904313        0.6324518323473238
0.6874569521896953        0.6322904121361537
0.7008467344889592        0.6321288659227031
0.7142365167882231        0.6319735747764482
0.7276262990874871        0.6318181689559483
0.741016081386751         0.6316626484612038
0.7544058636860149        0.6315070132922146
0.7677956459852788        0.6313512634489805
0.7806479311190433        0.6312080661937394
0.7935002162528078        0.631064773305951
0.8063525013865722        0.6309213847856157
0.8192047865203367        0.6307779006327334
0.832057071654101         0.6306343208473039
0.8424683367195323        0.6305212391306194
0.8528796017849635        0.6304080988456765
0.8632908668503947        0.6302948999924751
0.8737021319158259        0.6301816425710156
0.8841133969812571        0.6300683265812974
0.8918430401426958        0.6299876089076533
0.8995726833041343        0.6299068617158131
0.9073023264655729        0.6298260850057773
0.9150319696270116        0.6297452787775457
0.9227616127884501        0.6296644430311182
0.9284896204555152        0.6296041286443349
0.9342176281225802        0.6295437979570886
0.9399456357896453        0.6294834509693794
0.9456736434567103        0.6294230876812075
0.9514016511237753        0.6293627080925724
0.9556451757094526        0.6293216224256459
0.95988870029513          0.6292805292262602
0.9641322248808071        0.6292394284944157
0.9683757494664845        0.6291983202301124
0.9726192740521618        0.6291572044333498
0.9757643924276106        0.6291230611582734
0.9789095108030594        0.6290889127115267
0.9820546291785082        0.62905475909311
0.9851997475539571        0.6290206003030232
0.988344865929406         0.628986436341266
0.9906758927435247        0.62896748071941
0.9930069195576435        0.6289485235192493
0.9953379463717624        0.6289295647407847
0.9976689731858812        0.6289106043840157
1                         0.6288916424489422
0                         0.6509135750577407
0.00233102681411883       0.6505978461230755
0.004662053628237662      0.6502802622127967
0.006993080442356491      0.6499608233269042
0.009324107256475323      0.6496395294653982
0.011655134070594153      0.649316380628278
0.014800252446043015      0.6491976842446144
0.01794537082149188       0.6490788329323605
0.021090489196940742      0.6489598266915164
0.024235607572389607      0.6488406655220822
0.02738072594783847       0.6487213494240576
0.031624250533515696      0.6485874734656257
0.035867775119192924      0.64845338294014
0.04011129970487015       0.6483190778476008
0.044354824290547386      0.648184558188008
0.048598348876224606      0.6480498239613612
0.054326356543289676      0.6479183559386843
0.060054364210354746      0.6477867093167341
0.06578237187741982       0.647654884095511
0.0715103795444849        0.6475228802750148
0.07723838721154996       0.6473906978552453
0.08496803037298847       0.6472463097923508
0.092697673534427         0.6471017236376817
0.1004273166958655        0.6469569393912384
0.10815695985730403       0.646811957053021
0.11588660301874254       0.646666776623029
0.12629786808417381       0.6465051838892929
0.13670913314960506       0.6463433656571005
0.14712039821503634       0.646181321926452
0.15753166328046758       0.6460190526973472
0.16794292834589886       0.645856557969786
0.1807952134796634        0.6456868830168081
0.19364749861342795       0.6455169810074988
0.2064997837471925        0.6453468519418586
0.21935206888095707       0.6451764958198872
0.23220435401472161       0.6450059126415846
0.24559413631398552       0.6448498905992063
0.25898391861324943       0.6446936905579987
0.2723737009125134        0.6445373125179625
0.28576348321177736       0.6443807564790976
0.29915326551104127       0.6442240224414036
0.3125430478103052        0.6440819902949497
0.32593283010956914       0.6439398192283211
0.33932261240883305       0.6437975092415182
0.352712394708097         0.643655060334541
0.3661021770073609        0.6435124725073892
0.3794919593066248        0.643380728352397
0.3928817416058888        0.6432488703896247
0.4062715239051527        0.6431168986190731
0.41966130620441666       0.6429848130407417
0.43305108850368057       0.6428526136546304
0.44644087080294453       0.6427286436175461
0.4598306531022084        0.6426045769696369
0.47322043540147235       0.6424804137109031
0.4866102177007363        0.6423561538413448
0.5000000000000002        0.6422317973609615
0.5133897822992641        0.642114245444124
0.526779564598528         0.6419966097426472
0.5401693468977921        0.6418788902565316
0.553559129197056         0.641761086985777
0.5669489114963199        0.6416431999303832
0.5803386937955838        0.6415306560281095
0.5937284760948478        0.641418037792884
0.6071182583941117        0.6413053452247066
0.6205080406933756        0.6411925783235779
0.6338978229926395        0.6410797370894972
0.6472876052919034        0.6409717970250913
0.6606773875911673        0.6408637905037501
0.6740671698904313        0.6407557175254738
0.6874569521896953        0.6406475780902626
0.7008467344889592        0.640539372198116
0.7142365167882231        0.6404348457589886
0.7276262990874871        0.6403302586330787
0.741016081386751         0.6402256108203865
0.7544058636860149        0.6401209023209123
0.7677956459852788        0.6400161331346556
0.7806479311190433        0.6399193786475454
0.7935002162528078        0.6398225733898812
0.8063525013865722        0.6397257173616634
0.8192047865203367        0.6396288105628919
0.832057071654101         0.6395318529935663
0.8424683367195323        0.6394551837302743
0.8528796017849635        0.6393784832801538
0.8632908668503947        0.6393017516432049
0.8737021319158259        0.6392249888194277
0.8841133969812571        0.6391481948088219
0.8918430401426958        0.639093353832453
0.8995726833041343        0.6390384971087175
0.9073023264655729        0.638983624637616
0.9150319696270116        0.6389287364191484
0.9227616127884501        0.6388738324533142
0.9284896204555152        0.638832765392625
0.9342176281225802        0.6387916896189397
0.9399456357896453        0.6387506051322589
0.9456736434567103        0.6387095119325824
0.9514016511237753        0.6386684100199099
0.9556451757094526        0.6386404111615329
0.95988870029513          0.6386124082737529
0.9641322248808071        0.6385844013565705
0.9683757494664845        0.6385563904099855
0.9726192740521618        0.6385283754339975
0.9757643924276106        0.6385050795087217
0.9789095108030594        0.6384817808138737
0.9820546291785082        0.6384584793494541
0.9851997475539571        0.6384351751154625
0.988344865929406         0.6384118681118988
0.9906758927435247        0.638398913639011
0.9930069195576435        0.6383859583194986
0.9953379463717624        0.638373002153362
0.9976689731858812        0.6383600451406013
1                         0.638347087281216
0                         0.6520683402582163
0.00233102681411883       0.6518881404776155
0.004662053628237662      0.6517070232668755
0.006993080442356491      0.6515249886259965
0.009324107256475323      0.6513420365549787
0.011655134070594153      0.6511581670538216
0.014800252446043015      0.6510872951382659
0.01794537082149188       0.6510163460686964
0.021090489196940742      0.6509453198451135
0.024235607572389607      0.6508742164675171
0.02738072594783847       0.6508030359359067
0.031624250533515696      0.650723053607863
0.035867775119192924      0.6506429645093473
0.04011129970487015       0.6505627686403603
0.044354824290547386      0.6504824660009019
0.048598348876224606      0.6504020565909717
0.054326356543289676      0.6503222150019818
0.060054364210354746      0.6502422842152097
0.06578237187741982       0.6501622642306557
0.0715103795444849        0.6500821550483198
0.07723838721154996       0.6500019566682016
0.08496803037298847       0.6499132871685191
0.092697673534427         0.6498245184518165
0.1004273166958655        0.6497356505180941
0.10815695985730403       0.6496466833673521
0.11588660301874254       0.6495576169995897
0.12629786808417381       0.6494571840862985
0.13670913314960506       0.6493566378015331
0.14712039821503634       0.6492559781452941
0.15753166328046758       0.6491552051175814
0.16794292834589886       0.6490543187183946
0.1807952134796634        0.6489476169849901
0.19364749861342795       0.6488408005988162
0.2064997837471925        0.6487338695598731
0.21935206888095707       0.648626823868161
0.23220435401472161       0.6485196635236792
0.24559413631398552       0.6484205659664648
0.25898391861324943       0.6483213781425047
0.2723737009125134        0.6482221000517989
0.28576348321177736       0.6481227316943479
0.29915326551104127       0.6480232730701508
0.3125430478103052        0.6479323153991308
0.32593283010956914       0.64784128700054
0.33932261240883305       0.6477501878743785
0.352712394708097         0.6476590180206465
0.3661021770073609        0.6475677774393438
0.3794919593066248        0.6474828199043137
0.3928817416058888        0.647397804216194
0.4062715239051527        0.6473127303749854
0.41966130620441666       0.6472275983806878
0.43305108850368057       0.6471424082333007
0.44644087080294453       0.6470619711686021
0.4598306531022084        0.6469814845671574
0.47322043540147235       0.6469009484289675
0.4866102177007363        0.646820362754032
0.5000000000000002        0.6467397275423505
0.5133897822992641        0.6466630429336077
0.526779564598528         0.6465863152259023
0.5401693468977921        0.6465095444192349
0.553559129197056         0.6464327305136055
0.5669489114963199        0.6463558735090137
0.5803386937955838        0.6462820899464299
0.5937284760948478        0.6462082680264374
0.6071182583941117        0.6461344077490369
0.6205080406933756        0.6460605091142282
0.6338978229926395        0.6459865721220109
0.6472876052919034        0.6459154925792651
0.6606773875911673        0.6458443786423714
0.6740671698904313        0.6457732303113303
0.6874569521896953        0.6457020475861418
0.7008467344889592        0.6456308304668056
0.7142365167882231        0.6455617090516541
0.7276262990874871        0.6454925561370338
0.741016081386751         0.6454233717229452
0.7544058636860149        0.6453541558093882
0.7677956459852788        0.6452849083963623
0.7806479311190433        0.6452206836494065
0.7935002162528078        0.6451564324774964
0.8063525013865722        0.6450921548806324
0.8192047865203367        0.6450278508588146
0.832057071654101         0.6449635204120425
0.8424683367195323        0.644912454516555
0.8528796017849635        0.6448613723467518
0.8632908668503947        0.6448102739026331
0.8737021319158259        0.6447591591841992
0.8841133969812571        0.6447080281914496
0.8918430401426958        0.6446714248595145
0.8995726833041343        0.6446348132966937
0.9073023264655729        0.6445981935029874
0.9150319696270116        0.6445615654783958
0.9227616127884501        0.6445249292229185
0.9284896204555152        0.644497461271269
0.9342176281225802        0.6444699887577586
0.9399456357896453        0.6444425116823882
0.9456736434567103        0.6444150300451575
0.9514016511237753        0.6443875438460662
0.9556451757094526        0.6443688001515285
0.95988870029513          0.6443500543458638
0.9641322248808071        0.6443313064290723
0.9683757494664845        0.6443125564011543
0.9726192740521618        0.6442938042621092
0.9757643924276106        0.6442781905236363
0.9789095108030594        0.6442625753327132
0.9820546291785082        0.6442469586893402
0.9851997475539571        0.6442313405935175
0.988344865929406         0.6442157210452445
0.9906758927435247        0.644207025243578
0.9930069195576435        0.6441983289972973
0.9953379463717624        0.6441896323064029
0.9976689731858812        0.6441809351708945
1                         0.644172237590772
0                         0.6526374994919704
0.00233102681411883       0.6525358100588465
0.004662053628237662      0.6524336675804231
0.006993080442356491      0.6523310720566999
0.009324107256475323      0.6522280234876768
0.011655134070594153      0.6521245218733535
0.014800252446043015      0.6520827934724114
0.01794537082149188       0.6520410268041934
0.021090489196940742      0.6519992218686997
0.024235607572389607      0.6519573786659307
0.02738072594783847       0.6519154971958856
0.031624250533515696      0.6518682948839156
0.035867775119192924      0.651821039633419
0.04011129970487015       0.6517737314443961
0.044354824290547386      0.6517263703168471
0.048598348876224606      0.6516789562507714
0.054326356543289676      0.6516310631713916
0.060054364210354746      0.6515831257511652
0.06578237187741982       0.6515351439900924
0.0715103795444849        0.6514871178881733
0.07723838721154996       0.6514390474454074
0.08496803037298847       0.6513852546246226
0.092697673534427         0.6513314123762649
0.1004273166958655        0.6512775207003348
0.10815695985730403       0.6512235795968322
0.11588660301874254       0.6511695890657567
0.12629786808417381       0.651107925827224
0.13670913314960506       0.6510462059475636
0.14712039821503634       0.6509844294267757
0.15753166328046758       0.6509225962648606
0.16794292834589886       0.6508607064618178
0.1807952134796634        0.6507944211751683
0.19364749861342795       0.6507280784127552
0.2064997837471925        0.6506616781745784
0.21935206888095707       0.6505952204606382
0.23220435401472161       0.6505287052709343
0.24559413631398552       0.6504665292046318
0.25898391861324943       0.6504043077331445
0.2723737009125134        0.6503420408564727
0.28576348321177736       0.6502797285746165
0.29915326551104127       0.6502173708875755
0.3125430478103052        0.6501598313521658
0.32593283010956914       0.6501022561263705
0.33932261240883305       0.6500446452101901
0.352712394708097         0.6499869986036246
0.3661021770073609        0.6499293163066735
0.3794919593066248        0.6498751992457511
0.3928817416058888        0.6498210527523067
0.4062715239051527        0.6497668768263409
0.41966130620441666       0.6497126714678536
0.43305108850368057       0.6496584366768444
0.44644087080294453       0.6496068848345952
0.4598306531022084        0.6495553078488774
0.47322043540147235       0.6495037057196917
0.4866102177007363        0.6494520784470382
0.5000000000000002        0.6494004260309162
0.5133897822992641        0.6493510153560942
0.526779564598528         0.6493015827464045
0.5401693468977921        0.6492521282018476
0.553559129197056         0.6492026517224236
0.5669489114963199        0.6491531533081321
0.5803386937955838        0.6491053765960885
0.5937284760948478        0.6490575803105934
0.6071182583941117        0.6490097644516473
0.6205080406933756        0.6489619290192501
0.6338978229926395        0.6489140740134016
0.6472876052919034        0.64886784541015
0.6606773875911673        0.6488215992120685
0.6740671698904313        0.6487753354191579
0.6874569521896953        0.648729054031418
0.7008467344889592        0.6486827550488484
0.7142365167882231        0.6486376123791436
0.7276262990874871        0.6485924535553519
0.741016081386751         0.6485472785774736
0.7544058636860149        0.648502087445509
0.7677956459852788        0.6484568801594572
0.7806479311190433        0.6484147777888178
0.7935002162528078        0.6483726618345511
0.8063525013865722        0.6483305322966573
0.8192047865203367        0.6482883891751363
0.832057071654101         0.6482462324699879
0.8424683367195323        0.6482126434665215
0.8528796017849635        0.6481790460786236
0.8632908668503947        0.6481454403062947
0.8737021319158259        0.6481118261495348
0.8841133969812571        0.6480782036083433
0.8918430401426958        0.6480540774410297
0.8995726833041343        0.648029947027234
0.9073023264655729        0.6480058123669566
0.9150319696270116        0.6479816734601975
0.9227616127884501        0.6479575303069562
0.9284896204555152        0.6479393880013619
0.9342176281225802        0.6479212433387816
0.9399456357896453        0.6479030963192162
0.9456736434567103        0.6478849469426652
0.9514016511237753        0.6478667952091285
0.9556451757094526        0.6478544042004164
0.95988870029513          0.647842012100283
0.9641322248808071        0.6478296189087289
0.9683757494664845        0.6478172246257541
0.9726192740521618        0.6478048292513581
0.9757643924276106        0.6477944954919189
0.9789095108030594        0.6477841609809664
0.9820546291785082        0.6477738257185006
0.9851997475539571        0.647763489704522
0.988344865929406         0.64775315293903
0.9906758927435247        0.6477473894562842
0.9930069195576435        0.6477416257432222
0.9953379463717624        0.6477358617998447
0.9976689731858812        0.6477300976261514
1                         0.6477243332221422
